594.38
281.37
144.85
20.99
797.40
882.03
63.54
191.41
322.48
1169.55
345.08
150.13
380.46
399.71
166.15
209.25
306.40
623.92
410.08
584.23
311.96
488.51
488.48
2209.53
167.83
253.96
312.65
368.52
331.57
815.00
236.89
49.29
510.77
514.80
14.28
667.63
37.46
1092.51
27.21
406.63
274.41
150.65
63.42
135.48
153.30
1134.70
167.24
266.74
481.26
678.82
294.49
199.46
125.61
123.48
405.03
683.34
91.01
183.06
492.10
24.17
360.05
133.69
301.70
250.56
1360.81
165.93
242.25
75.25
1466.00
1068.39
864.35
302.04
504.09
161.87
1146.31
1285.96
855.46
242.81
199.29
1436.81
1952.08
461.17
186.60
533.17
360.97
427.62
7.67
335.61
1016.24
119.81
961.53
741.02
487.04
198.05
683.81
299.60
337.73
120.60
471.40
128.84
291.77
744.85
578.92
556.97
137.82
1019.26
192.77
367.69
921.73
65.29
106.94
15.39
473.02
3051.95
367.81
323.19
306.44
74.19
30.78
488.03
23.16
238.82
102.81
261.94
165.12
1057.05
73.43
567.14
279.70
37.90
1252.46
38.58
608.91
67.99
49.41
59.87
623.45
668.72
204.46
75.33
422.76
12.61
113.11
320.53
19.45
1538.25
235.74
104.22
261.65
590.52
271.63
921.08
841.88
1467.10
139.81
173.19
244.42
512.07
121.34
506.95
611.05
541.73
564.14
1282.70
1125.48
861.77
239.75
326.10
636.94
885.97
1620.24
943.21
49.13
1460.41
23.48
910.92
444.54
474.04
132.65
22.95
71.82
195.16
1274.43
28.48
147.08
2168.40
97.87
645.69
160.22
90.93
176.52
59.39
413.76
2264.30
135.18
38.23
1060.73
233.74
580.08
70.60
743.20
318.82
511.59
22.34
171.78
310.39
171.32
473.91
1724.48
861.88
325.07
2028.66
139.30
288.44
135.09
20.41
648.29
475.36
371.11
303.72
228.88
188.62
364.71
595.97
213.96
187.91
338.73
250.84
1194.13
261.97
561.97
40.53
794.27
360.73
277.22
50.31
413.14
180.62
129.58
18.96
107.66
27.88
145.65
333.95
159.59
357.13
107.45
40.04
1004.20
229.43
1218.27
683.72
680.89
293.35
457.19
800.55
92.17
118.41
78.96
3073.76
429.44
1547.57
600.89
819.82
227.70
215.25
181.37
286.34
928.17
370.78
686.86
399.04
124.68
87.12
64.75
377.93
36.81
609.24
428.36
69.26
86.32
40.43
404.17
1116.43
276.97
826.61
1550.76
423.19
649.56
468.48
283.04
487.77
864.75
78.69
1076.05
744.60
179.45
1047.28
672.85
111.27
36.53
289.41
287.43
194.56
159.77
305.32
8.30
161.12
442.75
589.60
394.20
647.30
132.85
52.07
1218.65
727.47
329.47
110.25
782.32
169.70
531.19
333.29
1069.44
187.21
583.42
123.79
1196.62
1632.29
186.18
704.67
166.49
1124.06
245.59
108.57
43.09
186.32
143.51
565.03
369.03
8.49
430.83
212.05
1672.91
264.60
799.93
2438.44
587.76
305.19
381.10
615.23
1500.43
459.29
197.83
2.12
1586.76
250.18
19.93
982.42
990.01
3484.16
780.81
423.66
55.87
747.15
1098.13
1246.81
92.84
212.62
32.16
84.64
605.87
206.91
1022.31
829.60
355.04
95.44
220.82
358.33
229.31
175.38
12.54
506.92
69.73
49.38
1296.35
785.95
901.95
2585.33
214.96
621.31
345.01
546.80
613.39
377.12
379.33
337.06
138.88
1172.73
268.28
157.64
824.95
877.91
60.30
415.64
643.11
711.39
32.26
42.11
326.30
957.22
63.45
480.75
12.25
307.66
644.82
127.15
56.85
252.47
339.40
104.91
530.18
14.30
474.10
289.64
796.04
351.81
39.22
2043.25
402.03
287.43
329.89
472.23
216.09
346.07
869.13
11.62
248.38
2088.96
718.12
110.75
476.48
226.32
707.71
874.03
181.26
653.98
1203.91
749.06
748.31
350.08
2170.54
1845.77
71.47
261.69
179.15
1522.29
1501.87
98.35
165.96
246.72
131.87
1117.75
1305.34
124.24
62.47
1160.43
180.62
727.46
139.09
722.46
177.90
1886.61
170.09
489.52
230.07
1316.38
314.60
534.41
1048.27
720.47
189.57
895.37
26.55
521.94
333.77
461.86
1690.15
528.44
217.25
392.30
737.39
237.06
103.30
103.37
475.62
338.28
220.43
493.22
1647.11
125.54
630.61
708.13
130.31
564.68
921.27
454.64
185.43
203.26
367.72
757.06
618.34
203.38
38.26
367.93
404.70
1676.21
222.10
86.35
795.90
692.57
224.57
359.41
269.63
1293.00
41.00
628.63
415.04
386.26
381.72
112.06
653.46
450.81
635.19
194.42
506.03
1212.73
19.51
692.56
265.51
585.26
294.53
648.57
198.68
175.21
127.28
261.86
19.03
99.66
39.63
301.31
238.90
907.25
507.99
661.78
13.24
1110.38
46.92
331.69
164.44
540.54
281.54
443.41
1318.45
523.68
111.55
358.29
539.83
85.24
735.53
279.10
225.73
4.25
941.66
30.37
500.08
764.27
487.48
146.46
54.84
21.06
499.57
180.75
748.68
955.13
190.18
265.42
258.05
208.19
740.66
2372.67
527.43
7.25
934.01
271.22
213.76
470.42
48.15
212.21
274.68
52.82
685.95
511.61
366.13
124.42
79.02
109.62
159.79
1360.74
105.81
1017.86
348.05
280.76
116.05
372.66
75.84
59.42
29.52
525.65
14.62
179.09
404.27
2365.81
537.04
57.11
70.19
451.25
21.25
131.56
135.00
875.45
23.48
170.15
16.74
140.94
466.21
668.09
65.70
394.96
1038.65
278.47
1425.02
212.21
27.47
191.34
81.75
1216.10
3.72
748.74
465.51
1566.27
189.04
117.91
1177.32
938.93
375.91
187.91
935.48
1250.93
22.27
1329.20
308.51
692.40
112.75
790.73
76.45
155.20
1141.55
222.40
306.24
162.72
181.44
90.12
428.21
829.26
36.72
550.82
788.74
165.88
120.59
72.49
121.64
760.26
1185.80
529.16
1053.54
682.41
171.48
508.69
134.57
57.74
943.18
73.39
383.99
673.95
266.85
392.38
772.98
84.37
573.85
1166.81
407.86
2147.95
502.91
355.88
603.49
51.09
292.45
1094.21
193.56
118.77
535.23
599.82
262.06
102.19
118.52
40.25
214.51
223.16
38.74
730.70
34.62
183.66
977.50
1458.90
182.93
610.30
63.75
170.49
363.64
95.12
99.57
157.32
361.76
970.96
359.11
100.10
354.38
877.95
907.62
838.72
664.55
136.16
474.81
181.60
341.90
387.14
151.81
375.64
274.80
87.06
94.62
441.24
630.00
864.46
1350.42
1004.52
250.37
355.05
937.29
517.36
334.45
86.42
650.25
947.47
189.45
1004.05
654.55
903.14
113.27
953.71
17.59
741.55
453.62
588.90
137.39
100.72
359.00
697.12
1825.08
108.17
10.85
4.76
455.73
315.18
1833.12
256.24
1885.21
94.62
269.70
273.83
514.91
366.03
725.36
56.75
593.64
682.94
41.47
435.35
175.05
135.39
320.39
553.96
1010.99
1226.78
49.44
97.29
1248.29
445.33
1231.40
491.32
272.80
99.06
205.79
354.91
127.05
182.69
500.56
366.03
331.44
365.91
756.13
525.71
65.23
602.45
718.46
73.12
29.54
358.12
311.28
1078.51
62.69
300.68
561.66
30.72
225.55
346.56
557.26
524.61
270.83
407.81
2138.08
297.35
679.23
60.94
1286.55
12.98
1708.84
180.13
985.42
1106.77
538.72
710.94
73.07
127.70
145.62
776.46
297.34
122.17
156.82
1410.22
617.94
201.98
37.24
114.84
647.76
1047.00
431.41
562.69
554.25
563.14
1141.98
458.95
82.54
755.24
945.02
48.62
305.49
0.48
176.29
1623.65
519.14
429.61
82.18
266.39
334.92
804.02
62.57
202.74
437.91
207.31
622.97
4273.56
431.33
353.89
51.73
103.95
1.98
90.19
575.18
362.98
463.61
517.50
515.84
1510.21
737.73
534.80
149.57
621.07
242.04
73.38
409.73
1326.73
144.26
923.41
2502.70
700.66
221.12
99.81
638.66
68.49
404.11
1345.22
1595.95
6.68
175.86
1481.76
509.70
657.48
104.79
359.27
194.39
767.42
316.74
60.78
13.85
60.72
858.56
489.89
116.22
27.75
267.46
1476.47
817.33
963.26
117.91
816.53
201.53
1003.16
818.10
548.87
516.28
1575.53
516.33
15.09
31.30
722.99
974.40
1558.86
33.99
674.80
98.73
226.42
143.99
115.63
290.82
50.98
498.67
371.62
327.87
271.96
24.64
300.34
27.17
658.26
1709.87
160.50
47.29
280.29
1450.52
0.06
236.39
168.35
190.32
61.33
625.01
125.79
409.22
619.58
178.74
440.98
173.02
316.20
287.05
249.08
62.41
456.25
80.68
997.73
131.04
116.16
990.75
88.48
329.74
289.00
2921.52
568.58
133.69
122.87
291.66
48.77
7.73
546.02
1660.01
444.28
230.21
433.18
693.34
214.10
816.90
823.72
30.80
464.61
248.30
148.55
116.50
1586.37
218.39
11.01
240.27
174.29
107.48
76.22
488.68
957.39
620.47
778.86
50.09
262.64
500.36
175.58
464.99
571.74
103.99
484.09
162.46
103.82
254.31
357.29
404.40
170.69
1422.45
1010.97
324.55
527.85
224.52
74.18
262.88
585.95
19.75
1898.50
101.28
205.57
670.58
445.40
234.70
232.53
291.57
425.91
594.95
189.67
9.09
384.96
717.49
159.84
599.76
13.57
718.10
254.15
811.04
238.00
162.39
755.95
0.66
322.83
782.59
589.88
213.89
261.59
329.60
337.70
56.97
838.88
196.95
104.06
1235.16
1002.72
119.70
32.26
1228.66
552.46
109.09
198.40
562.69
837.59
267.74
50.54
95.18
181.91
241.61
18.50
225.46
502.96
84.79
333.93
861.21
1377.38
601.49
67.85
1327.52
199.83
93.02
224.83
202.01
181.13
4.39
1147.53
286.45
1604.94
33.69
978.90
126.50
1113.03
452.88
678.56
308.01
1595.33
287.00
72.16
604.59
198.18
1286.61
1550.46
315.35
57.53
576.63
23.13
157.69
255.20
125.55
5.54
224.92
332.82
125.14
13.78
526.85
471.33
621.92
546.53
240.40
192.23
4360.86
2552.94
553.18
426.85
262.24
189.68
1816.07
445.16
143.19
889.19
504.67
1372.88
515.07
164.70
1054.28
809.86
190.08
849.77
628.88
484.26
66.21
97.93
467.94
741.35
229.02
345.41
330.40
84.63
335.89
68.68
271.27
307.25
639.64
199.78
108.41
969.94
317.75
338.61
874.81
695.80
571.02
830.69
901.22
62.21
114.23
556.43
679.38
247.98
359.53
1015.16
309.87
202.49
92.00
81.99
68.71
189.20
678.20
696.00
366.47
725.94
124.80
5.47
111.14
11.26
636.26
927.76
2181.39
370.93
498.59
995.92
477.87
313.65
306.07
923.95
84.53
125.41
414.07
217.81
1615.86
718.08
334.02
324.60
57.49
959.67
197.41
1410.65
151.12
103.70
510.01
52.53
281.65
741.43
198.18
433.32
550.79
452.80
132.08
20.59
159.14
185.96
1870.66
577.96
723.11
703.15
310.93
351.07
149.63
410.66
1623.58
420.99
150.58
62.50
89.43
410.31
1118.86
25.86
290.68
122.34
780.16
343.05
12.28
162.08
970.75
461.70
1478.05
225.56
254.33
2036.16
2046.04
174.61
249.49
52.88
1306.39
296.79
176.55
863.34
76.90
734.77
425.58
1024.29
209.57
332.12
142.53
371.62
875.33
91.65
93.89
377.96
871.99
638.87
295.63
73.38
658.36
755.98
621.41
1424.12
630.69
241.11
480.68
1142.58
663.43
239.27
384.48
344.95
26.89
144.41
26.21
446.70
89.43
822.31
550.03
137.53
1417.19
252.13
413.06
85.50
12.86
231.02
70.52
679.24
83.92
541.06
278.55
44.03
134.55
1429.26
336.34
1093.34
66.62
1242.58
55.59
360.26
225.19
52.39
32.15
321.25
86.04
834.23
1005.49
799.75
449.49
233.62
1239.74
419.57
61.49
1784.89
131.51
13.77
2296.64
1333.16
141.21
398.52
19.72
1025.53
457.76
168.60
10.52
553.10
820.88
91.00
482.72
163.31
124.64
908.41
205.61
233.02
1317.79
191.07
397.92
1982.10
15.92
196.65
285.21
911.54
369.23
258.50
479.01
741.76
655.04
152.90
57.94
359.40
737.81
83.75
142.28
11.07
588.06
420.47
2479.83
21.81
235.37
58.33
75.17
256.31
327.47
1086.95
1253.67
23.79
38.99
606.02
465.69
97.48
309.76
85.47
474.08
200.59
383.86
310.12
185.16
242.68
254.28
190.74
38.44
238.86
551.22
149.78
1038.35
1618.08
44.73
581.94
8.53
6.39
591.94
454.82
1.49
178.62
147.71
78.57
1310.59
789.56
1372.80
975.48
432.27
976.82
136.58
125.04
197.52
121.49
32.42
1355.26
320.59
357.68
145.37
335.60
220.66
110.07
1032.29
49.32
806.59
382.27
1440.72
11.11
678.96
3153.73
2017.51
609.03
924.13
829.64
877.98
39.30
266.94
408.40
834.79
260.31
98.98
284.90
985.40
321.22
365.57
99.18
391.72
1244.94
921.23
34.37
286.43
847.37
96.09
32.78
168.72
105.17
711.37
24.73
2652.85
161.23
207.98
66.62
310.61
597.81
604.20
1159.75
230.96
919.16
19.60
567.53
232.14
673.94
57.01
337.05
699.03
367.57
81.22
18.09
291.57
98.50
24.67
433.26
592.55
133.20
91.39
153.72
406.37
312.97
210.95
490.44
471.30
214.81
81.17
1269.97
105.22
213.72
190.41
72.04
165.10
15.88
327.67
441.79
323.21
310.94
57.59
84.98
1106.22
60.62
296.72
229.87
949.58
793.05
552.68
133.31
59.37
178.62
77.77
594.37
70.46
42.18
679.16
1223.68
1316.49
785.16
41.50
460.64
892.74
1729.95
649.91
506.02
689.68
548.02
1765.34
151.26
1019.35
293.88
7.77
2755.56
378.70
655.65
306.42
296.91
415.21
179.42
76.79
930.80
34.15
988.97
362.57
204.71
227.56
624.49
400.26
789.09
330.43
2228.11
302.04
71.08
560.18
1.06
339.34
1242.55
387.17
288.63
348.55
392.40
932.04
766.76
338.11
129.77
398.58
667.75
427.16
1.85
34.25
718.64
499.85
45.67
580.57
697.03
65.67
1100.19
1823.16
141.87
757.80
2058.76
813.82
125.60
280.36
19.05
1537.95
166.61
853.79
359.87
17.76
109.46
605.77
984.99
3.19
180.75
79.17
895.59
29.01
956.28
503.45
757.55
563.81
39.73
217.37
141.29
244.59
782.57
6.56
722.91
446.53
165.60
751.16
70.86
96.24
1118.97
575.55
593.97
146.86
1208.68
893.12
162.35
131.43
977.24
474.50
964.92
1372.11
414.05
70.33
632.25
272.33
810.81
1065.37
873.78
213.83
984.39
35.37
1113.24
595.97
250.79
2031.31
1454.81
273.77
1036.38
179.62
324.31
201.70
365.08
7.15
178.62
154.71
553.48
482.55
7.90
35.60
574.41
83.45
79.22
436.92
267.46
47.16
365.76
222.02
600.62
87.59
1551.91
234.43
1296.69
1234.92
240.55
591.73
410.54
573.67
1277.25
229.11
156.14
149.02
109.78
373.22
105.54
92.72
481.70
580.71
703.18
89.63
53.01
215.55
233.16
347.13
826.55
48.61
75.13
169.29
258.40
1178.64
275.75
1555.50
388.35
1557.51
1043.72
458.47
140.89
1497.02
1754.49
329.54
499.65
395.28
55.58
595.47
492.69
98.34
393.19
1760.21
1454.23
412.37
205.95
66.19
556.26
252.40
404.77
812.06
395.98
231.38
135.88
281.77
78.59
108.53
467.56
210.72
665.41
476.92
595.36
311.12
120.43
20.34
478.23
1295.50
251.47
853.87
18.50
212.75
403.64
5.84
61.66
1070.48
62.16
266.66
82.04
78.71
1472.30
507.52
806.29
133.61
553.33
235.89
479.54
362.68
82.50
1662.74
545.77
343.38
1780.89
148.88
1180.29
165.12
355.42
629.30
425.38
377.84
216.03
57.26
579.54
327.14
181.98
25.87
1407.45
71.49
928.41
258.12
536.45
210.99
481.88
774.95
1693.23
251.51
708.53
575.26
375.17
650.43
932.21
135.48
642.53
720.10
152.68
446.63
297.63
120.62
155.82
87.75
418.88
127.97
714.92
353.89
475.46
390.87
732.97
358.79
114.74
1876.03
327.09
112.47
432.07
231.47
6.81
264.49
33.91
312.28
175.12
57.78
543.85
567.63
359.54
259.42
12.15
309.11
318.53
1027.30
57.92
779.27
896.14
1174.14
1102.64
473.36
535.07
576.76
1788.98
285.76
29.70
210.68
756.15
583.08
1.72
452.43
724.61
438.87
43.18
1219.52
364.68
402.49
945.40
106.90
387.72
203.45
631.56
163.34
84.07
740.91
89.15
1456.46
176.67
741.40
166.22
280.72
49.41
371.33
1519.73
113.50
374.98
972.85
498.29
598.99
619.19
578.50
51.11
586.43
79.59
49.72
1637.38
60.18
304.54
2738.38
188.88
130.89
1360.16
306.57
1278.63
709.29
3.39
756.07
545.14
415.04
575.78
298.89
40.76
645.79
347.83
433.23
125.06
802.17
324.94
1299.14
137.33
497.00
168.71
549.82
1489.13
344.53
645.77
579.02
1906.94
2.40
814.63
21.28
114.19
1209.50
83.95
587.81
736.00
1679.75
688.18
916.43
516.44
582.42
1152.77
458.09
407.58
701.16
1025.01
631.73
902.79
30.20
494.24
1779.54
444.79
1291.98
143.27
6.65
480.23
7.54
586.92
167.93
49.94
322.24
1107.74
472.17
543.65
452.54
261.12
745.37
531.23
687.54
839.45
922.54
30.46
3.71
88.85
27.81
787.88
148.90
675.02
352.98
40.09
1332.37
391.86
105.32
446.01
270.26
60.77
562.43
719.92
582.08
527.88
48.83
293.34
52.57
478.69
281.18
16.21
213.34
968.02
153.16
1239.00
452.33
790.21
132.02
619.39
178.56
527.59
44.39
473.31
311.83
948.84
1251.31
440.50
41.09
179.87
97.51
100.91
46.31
763.66
425.40
552.83
78.84
164.71
500.99
784.80
946.55
655.60
306.15
652.38
245.91
258.52
164.18
373.90
457.60
430.69
122.02
208.41
480.85
1114.87
40.81
648.76
59.49
985.52
296.17
1970.75
32.42
28.38
600.57
1012.62
213.31
0.31
783.20
1578.57
676.36
18.74
160.24
397.64
283.19
385.58
71.92
101.19
479.93
128.05
622.11
86.84
427.61
573.17
277.51
408.47
336.17
36.24
1085.47
906.86
213.78
503.65
49.35
995.97
113.44
311.38
1197.71
33.91
1335.96
487.80
500.34
412.39
619.80
884.13
145.85
54.84
48.19
283.68
2422.96
865.07
141.63
336.94
978.37
150.32
251.76
232.46
1045.45
417.44
517.25
338.72
1755.83
74.85
62.03
1123.21
213.45
1546.11
1054.67
86.02
431.72
338.51
168.01
445.20
590.03
228.98
1106.12
61.60
290.26
299.91
848.66
29.27
169.33
1371.78
34.52
27.09
264.13
233.32
988.03
1789.55
973.37
208.25
120.86
496.70
1164.84
272.60
29.05
208.84
1237.66
114.14
393.01
427.79
274.28
1081.28
184.82
381.66
562.30
110.48
1435.65
164.58
728.83
355.48
974.19
35.35
302.58
156.82
46.76
213.11
647.84
146.71
437.19
772.90
1844.69
287.27
836.18
144.43
774.54
826.75
239.43
2.15
469.80
645.65
660.88
657.17
966.21
1278.81
193.86
625.49
213.80
369.93
432.09
660.35
148.97
232.00
211.39
458.33
405.45
691.96
72.49
360.92
44.70
288.35
1244.33
95.74
689.28
1326.58
523.96
467.61
216.96
216.18
1557.55
335.88
332.80
69.02
83.97
19.70
128.34
289.33
77.65
202.44
166.23
3167.39
1073.24
540.73
99.65
314.01
301.85
926.56
537.98
276.10
604.54
1143.89
48.49
872.90
609.59
786.59
827.20
669.31
312.38
1758.17
9.07
35.38
319.18
909.78
1123.84
499.92
167.43
684.99
617.53
74.06
319.31
623.69
447.12
586.98
299.45
47.08
608.20
1141.25
32.73
26.31
317.90
248.58
41.17
527.44
23.85
1005.24
230.61
74.25
859.19
235.50
550.44
467.83
1178.89
128.14
54.39
88.73
602.25
368.42
95.07
276.54
371.21
296.99
1602.63
1068.72
427.16
12.56
2308.62
563.21
850.79
900.05
591.88
409.78
290.75
213.34
527.18
144.23
278.88
279.39
369.72
402.91
612.24
20.62
85.16
2298.09
209.75
789.12
422.08
139.64
421.02
60.18
570.28
2290.16
2279.56
2068.47
535.49
46.01
123.01
416.10
215.17
833.48
357.44
505.55
250.84
1231.02
158.29
495.93
17.05
761.95
798.93
9.25
321.70
811.92
31.52
44.53
266.20
535.98
823.63
586.32
57.57
218.06
18.25
333.43
77.72
214.53
281.27
231.72
190.83
509.51
274.92
910.48
280.90
590.06
108.60
812.74
613.19
147.26
574.52
41.39
126.70
387.77
635.12
510.47
27.66
996.38
94.13
509.48
1271.21
557.14
410.52
204.00
16.91
158.97
341.22
129.27
15.01
145.01
396.46
269.89
184.63
293.53
63.45
118.89
288.25
194.34
555.84
233.70
36.48
234.23
793.43
50.30
106.42
19.48
1473.41
299.42
63.92
25.01
1620.63
469.98
176.35
1401.60
122.20
95.37
497.35
400.84
150.14
574.80
93.22
134.44
440.69
652.23
163.06
204.13
216.20
163.51
642.69
800.23
109.80
1710.54
722.12
222.68
278.36
945.85
83.64
3842.97
105.64
229.04
199.74
163.34
1095.10
1245.49
409.05
40.02
179.50
70.84
309.95
498.64
725.73
1492.86
423.12
1495.38
75.54
2216.73
218.76
39.94
38.56
157.63
78.41
1506.71
410.70
973.63
154.77
529.29
1499.94
94.82
160.33
150.45
1132.69
130.04
337.53
521.03
77.51
442.13
407.95
49.34
193.55
683.28
318.28
221.77
726.16
540.40
754.28
130.31
187.21
1425.46
764.25
737.99
1146.31
62.01
131.04
964.19
558.86
600.69
415.99
199.96
80.26
566.86
571.06
2402.82
4.71
506.94
347.52
167.44
610.56
525.67
62.40
301.73
90.12
185.37
136.35
774.17
586.44
28.04
264.49
337.07
1016.76
1267.88
432.94
297.37
462.80
2829.63
1267.62
1355.09
712.63
739.93
233.51
186.51
10.69
512.97
382.26
203.00
153.81
1401.84
372.39
8.02
412.72
51.70
505.77
151.50
866.46
1355.53
562.06
77.56
27.17
9.72
139.21
1522.09
121.61
1024.79
148.69
17.03
36.79
186.36
236.92
229.15
33.54
381.24
1305.16
37.83
147.24
1130.61
101.57
1072.15
340.88
335.07
742.82
1092.19
183.67
307.86
788.62
232.15
312.75
170.36
357.08
202.93
365.79
354.33
56.13
14.17
674.68
253.01
39.61
19.03
196.20
1118.29
173.52
14.00
80.46
304.43
66.52
775.61
185.53
1574.94
460.76
1624.75
609.62
185.50
256.86
96.56
556.29
624.43
395.47
1028.15
494.77
136.51
936.52
415.03
1071.30
715.83
866.94
83.03
259.40
147.56
515.49
1002.23
2.83
920.00
1013.18
783.94
657.92
267.96
2043.91
221.18
321.30
625.25
87.57
420.92
221.18
166.78
100.93
1332.46
26.64
129.74
1573.23
731.25
102.12
721.56
22.58
355.86
688.07
128.15
231.98
177.05
21.83
99.96
335.42
636.68
1463.66
560.43
387.92
296.17
386.52
778.39
220.98
753.28
331.09
1357.80
189.72
314.13
80.07
755.60
0.91
1739.30
314.71
386.29
290.99
868.46
155.65
94.63
143.07
493.43
520.87
1584.74
1628.88
208.10
458.42
1863.47
114.53
517.55
203.31
375.45
833.44
1657.71
76.35
1231.76
148.43
1987.38
1422.63
392.03
272.21
71.13
902.55
1125.86
156.09
1358.70
143.82
237.87
89.08
132.49
1347.23
130.01
28.45
78.31
717.01
64.27
201.33
2003.27
20.13
179.60
336.05
857.99
254.43
294.15
504.73
875.76
14.18
313.46
382.99
67.00
26.03
755.79
190.81
180.53
359.63
1628.15
26.11
799.48
1354.12
124.98
774.59
1806.96
468.10
806.97
297.91
395.27
153.29
117.70
292.82
458.00
209.22
138.24
4.62
170.02
886.61
91.45
1295.04
1023.89
952.74
116.66
34.23
82.91
813.89
879.49
195.14
151.51
200.77
441.46
93.02
434.74
521.19
152.43
140.31
635.41
155.72
264.28
67.98
571.87
361.76
0.79
755.62
1160.81
916.06
122.62
99.46
111.70
35.89
182.62
1671.47
35.84
1100.73
347.53
736.29
424.07
345.79
955.92
405.58
1028.52
101.96
1762.68
44.18
9.19
280.70
52.50
1434.83
920.46
664.01
768.76
317.57
6.05
563.32
130.21
560.61
141.84
384.75
703.99
828.83
1514.39
2146.35
787.73
232.00
465.16
355.66
187.12
1162.04
95.97
149.49
562.40
111.69
23.64
160.32
295.51
836.74
272.46
1262.31
2245.67
1829.21
759.27
615.43
1230.53
106.22
417.78
468.66
130.28
595.18
437.05
810.35
75.12
233.47
327.27
583.58
318.46
28.42
492.09
267.71
330.69
638.39
268.69
179.69
3.08
208.29
201.75
1062.52
1579.40
1347.40
524.48
328.48
89.29
209.92
346.63
554.04
700.39
96.44
48.53
739.70
268.37
1198.68
395.21
687.75
1683.45
158.54
569.98
618.16
1213.29
97.88
624.00
1736.17
256.99
207.42
74.84
2237.68
108.37
834.72
213.02
405.99
277.75
423.80
973.41
478.85
18.56
741.56
740.53
243.70
206.13
246.90
399.50
226.44
259.84
1323.27
125.93
40.12
264.31
150.97
81.94
254.87
134.88
58.75
83.70
433.55
1357.24
333.82
200.19
15.16
95.28
882.76
575.50
0.46
77.12
0.59
436.91
1.15
205.67
181.71
165.99
851.69
255.93
217.54
6.03
222.58
421.96
1489.39
80.74
464.35
66.03
30.44
162.01
176.57
66.36
339.58
769.22
288.10
60.13
833.75
1070.87
367.46
183.96
911.60
68.59
566.34
271.79
1166.36
173.78
21.13
14.34
288.94
1075.52
934.95
1121.28
24.84
111.13
312.32
1070.42
283.43
444.84
295.41
1623.29
574.99
1394.76
54.82
528.62
642.96
839.97
199.70
575.59
328.64
733.45
194.34
214.28
391.54
70.57
1492.19
459.64
114.97
647.59
588.98
873.01
954.98
516.01
66.18
34.19
59.03
349.80
704.49
134.18
421.16
341.11
1422.56
144.54
14.23
681.75
56.94
88.99
380.64
690.57
217.22
549.97
113.15
476.32
34.92
105.45
642.74
384.25
6.25
124.90
543.80
773.39
115.59
166.52
118.48
89.38
2472.48
980.95
72.44
550.66
1521.24
84.63
847.40
245.39
747.59
1201.51
491.87
472.33
398.20
702.30
493.33
173.94
2491.55
324.90
1612.18
1069.96
442.14
1035.53
421.65
481.86
521.73
1397.43
371.85
313.88
311.17
507.56
197.22
255.95
1378.06
308.85
791.79
214.17
1149.83
97.14
201.20
332.23
12.67
415.84
883.08
1128.60
283.22
10.04
455.62
390.63
8.28
1187.91
1176.95
676.13
140.36
912.88
88.10
288.70
333.84
1224.44
1.64
355.61
563.14
251.90
102.23
21.99
91.50
453.80
1666.02
45.65
66.22
18.43
1107.24
540.21
89.34
161.27
883.01
164.47
329.75
1990.91
10.61
1276.56
841.39
381.37
667.26
178.92
355.77
51.08
452.75
897.09
151.34
142.34
150.61
169.29
134.73
20.86
100.76
511.74
25.09
134.97
692.90
200.59
98.12
377.27
422.76
253.43
807.92
783.64
293.86
30.90
10.26
543.52
79.24
10.92
194.71
93.40
778.47
580.73
191.60
577.76
1105.15
317.10
336.28
354.22
244.99
53.90
37.78
71.48
386.88
80.88
193.65
91.66
339.11
169.54
108.51
71.93
50.41
480.44
330.91
169.31
26.74
41.29
1017.49
29.75
528.25
258.04
985.00
315.20
298.27
5.53
77.17
709.78
35.55
1883.83
279.96
902.54
15.85
10.06
384.05
654.80
8.51
1080.84
329.02
300.54
170.41
452.32
419.23
61.13
173.07
659.33
579.45
460.81
882.26
614.61
870.10
18.56
55.07
602.15
139.91
78.38
638.51
346.06
1056.91
263.43
257.33
857.04
155.00
492.86
190.46
133.79
68.47
400.85
154.55
325.67
118.48
268.07
358.00
358.55
334.99
132.66
415.69
533.95
242.83
265.00
30.01
428.84
1404.70
23.97
88.21
459.33
1493.33
141.96
579.39
169.63
851.51
96.81
231.05
1053.41
116.13
15.33
242.87
554.67
569.80
691.07
263.93
5.25
369.06
167.28
1680.04
353.03
443.36
157.35
2618.38
124.61
307.06
180.97
628.97
207.14
561.86
1047.48
244.66
38.58
1229.77
564.63
305.81
1052.90
61.07
869.22
421.47
1153.98
1664.77
587.19
750.86
18.81
381.29
458.14
248.14
125.99
89.63
1421.16
322.36
430.89
900.95
620.93
224.26
39.17
109.90
40.78
1532.21
608.63
315.88
152.82
7.54
341.58
166.35
536.86
483.90
1006.98
743.16
633.06
927.88
1119.22
366.48
1001.02
1626.39
144.89
1251.07
726.45
96.78
186.30
333.06
896.89
56.96
2203.44
82.43
38.68
121.97
1474.64
97.44
296.02
821.69
807.41
198.19
1871.81
1512.42
699.04
4.09
105.14
17.98
273.07
380.68
294.28
365.65
267.35
1319.93
757.34
359.97
2392.64
360.07
1005.31
154.92
726.68
489.31
93.98
487.45
952.58
445.65
416.40
95.19
1376.68
175.40
129.54
862.89
275.18
44.53
334.46
456.48
28.40
1971.20
46.19
1302.69
1133.12
707.91
209.20
106.25
244.03
602.54
8.63
133.70
146.21
586.57
274.61
1022.61
82.73
233.34
183.96
1074.27
36.67
311.11
369.74
212.03
713.81
182.69
273.41
608.90
63.60
408.05
444.97
104.29
399.14
1201.29
120.75
1017.85
2117.78
915.11
603.41
1635.17
163.38
80.10
427.66
763.74
509.33
603.24
1023.53
662.00
524.77
15.75
298.50
0.12
663.34
655.30
74.24
628.78
76.24
1157.24
439.09
786.67
250.55
1342.63
118.14
227.71
1.78
230.94
513.49
69.81
582.20
785.34
349.77
624.71
1130.75
46.10
385.70
981.49
391.79
875.73
617.18
1386.95
899.47
473.28
433.35
278.93
1129.47
206.82
946.28
329.22
549.07
275.11
1223.46
12.97
47.93
1053.14
195.72
37.36
39.39
443.53
232.20
742.67
1651.66
1018.68
476.92
259.66
467.74
380.80
545.09
580.43
345.12
1137.53
186.74
320.98
539.75
1128.73
389.47
24.89
1476.42
1119.16
930.40
337.86
1417.85
609.96
194.22
1421.21
74.18
799.88
20.81
1357.15
1754.02
233.16
401.32
242.10
30.08
99.05
2085.02
230.46
340.65
178.12
284.64
1259.41
145.22
438.52
1027.31
33.78
508.15
324.23
321.18
143.13
1023.93
440.92
369.84
134.62
801.48
128.49
159.02
428.30
481.86
191.27
609.20
26.17
142.61
985.40
744.68
1361.54
699.20
166.66
527.52
311.20
508.89
316.51
481.02
426.97
180.99
481.33
243.90
201.75
897.40
85.75
112.96
53.62
454.39
244.84
14.12
162.83
195.58
590.81
205.23
20.01
79.50
653.58
2873.99
85.70
16.35
259.63
102.05
153.03
1184.21
585.86
6.48
83.43
1676.95
1156.72
314.54
137.80
135.75
411.70
569.39
379.27
0.69
984.22
725.12
751.94
302.57
238.95
626.95
307.79
323.82
704.65
101.94
1979.87
190.64
261.49
477.01
1011.98
53.63
446.72
112.80
207.37
657.85
38.60
129.84
395.99
29.15
306.55
504.71
42.35
490.70
420.98
462.00
1385.48
741.34
52.41
313.73
641.16
599.37
163.39
244.55
108.99
185.79
689.85
411.37
698.19
148.04
566.92
156.45
70.01
317.31
59.02
287.25
510.24
15.20
596.32
221.85
3.98
481.92
562.12
416.41
1362.87
560.87
496.67
495.46
15.42
826.04
277.91
272.94
311.14
215.53
232.65
396.91
288.99
1125.27
325.06
423.06
1618.32
285.36
1170.68
4.45
755.01
801.67
30.19
371.20
150.39
266.04
1411.50
351.87
300.07
328.55
96.53
1096.16
3.38
252.97
76.56
167.40
289.20
619.79
239.39
33.82
505.59
397.01
663.73
801.46
0.30
523.39
591.96
863.74
89.78
38.24
268.18
2905.69
185.31
10.98
372.06
414.52
0.59
361.99
779.73
124.01
153.19
2216.72
95.12
1301.50
14.92
1499.38
1334.35
596.12
567.17
50.01
253.82
821.30
711.37
147.25
833.61
10.37
122.98
613.92
108.38
1215.35
187.94
730.38
81.67
16.60
174.27
69.86
367.32
1627.72
47.12
61.22
119.33
454.06
53.01
85.44
1730.88
919.67
205.19
315.25
1626.36
355.23
1794.48
142.37
56.70
18.09
364.93
90.80
156.78
205.20
257.12
466.13
1050.41
94.92
2213.33
375.80
219.71
1253.55
203.78
302.26
264.06
427.03
443.08
1061.38
351.21
114.49
1708.56
135.72
6.03
207.07
310.26
546.87
1091.90
215.27
191.40
257.02
613.90
402.89
283.61
269.67
261.09
174.37
361.73
156.76
1128.07
534.72
36.47
305.73
13.33
27.89
123.82
457.57
53.74
163.64
107.46
430.53
1062.09
243.65
2298.56
899.26
82.16
269.05
33.65
420.72
621.79
2057.12
1379.18
246.30
698.34
69.49
210.64
2136.99
31.00
62.62
409.37
101.87
82.91
486.22
40.62
560.23
338.53
1153.32
271.88
743.93
7.49
738.95
5.80
79.94
216.70
389.21
639.85
836.09
1518.37
871.57
105.57
254.33
233.91
26.98
1812.90
128.99
603.31
1067.34
161.98
2549.16
354.91
482.18
2743.72
1612.58
598.95
652.54
3866.15
96.09
2245.38
248.51
36.25
83.99
1272.73
200.13
679.81
985.35
2217.18
2.35
187.01
277.21
94.66
130.65
582.64
889.07
724.55
557.34
493.69
1974.56
377.30
1528.67
599.88
33.49
6.53
314.35
1.98
66.23
341.91
106.38
1766.07
4.80
1287.85
46.04
300.03
943.03
358.99
263.46
823.95
373.45
1052.27
1537.88
516.66
880.45
117.41
100.28
144.76
168.93
128.87
815.01
450.79
148.23
52.31
60.94
24.29
2260.60
208.60
620.48
16.30
116.87
706.53
1411.27
356.97
1169.36
635.93
526.06
929.10
542.99
132.63
1333.32
351.56
1.92
614.50
649.82
46.61
206.99
775.49
412.98
308.74
1224.47
1544.53
206.98
0.26
181.56
791.32
1164.84
51.63
189.54
103.54
508.49
72.58
543.50
10.68
575.81
361.01
2472.70
484.95
1535.89
1742.90
41.79
543.74
1285.97
489.99
727.97
39.43
545.59
588.24
568.38
109.29
2013.21
153.71
302.98
308.27
335.58
301.56
384.32
1564.07
98.46
130.95
1201.84
670.58
126.36
15.65
223.47
103.44
242.64
586.21
70.15
278.39
40.17
543.95
277.84
98.07
171.75
48.27
627.98
1386.11
1289.92
74.16
1557.45
69.75
488.72
550.68
4.61
28.92
1400.84
136.01
824.27
440.05
85.66
43.20
178.74
148.72
900.49
83.38
267.14
65.81
1089.06
51.65
508.69
444.54
127.48
411.00
376.60
1625.49
292.63
761.77
72.27
21.71
164.19
1088.96
370.29
164.88
779.08
385.72
185.06
2433.16
0.46
695.39
34.81
1016.98
45.07
448.12
84.17
12.61
1455.25
1742.66
302.73
657.73
682.51
200.39
984.04
91.04
277.22
1014.26
874.59
226.91
121.82
80.77
2540.00
634.86
42.93
653.32
277.33
576.75
62.41
21.09
541.59
2707.71
1126.83
317.33
487.97
915.60
46.34
113.12
159.85
205.04
671.68
453.72
1851.02
124.38
500.54
1071.76
150.03
238.48
198.56
1298.57
421.60
672.00
471.38
169.88
1324.15
341.73
202.50
196.50
57.43
538.62
1192.20
109.28
1065.93
368.22
307.72
841.61
740.30
11.75
233.00
225.07
410.45
54.75
398.15
177.15
1332.47
1559.55
1971.43
706.11
441.16
131.15
108.37
79.86
99.29
1598.53
123.14
201.19
487.86
185.15
1263.86
624.93
9.25
701.03
2398.96
170.51
422.67
58.01
280.34
688.03
185.63
278.90
893.32
774.08
548.19
495.74
1169.99
332.68
1802.92
757.76
302.07
225.40
8.27
174.34
8.21
506.10
33.79
269.71
907.62
197.04
262.33
787.43
727.05
533.82
1377.27
23.45
80.76
480.53
309.17
300.63
569.54
580.00
77.08
110.24
332.20
650.72
124.47
28.31
203.08
338.01
81.23
58.89
256.93
188.37
992.87
870.12
18.37
378.90
255.29
28.67
874.21
917.70
1128.90
471.77
1626.66
59.01
78.05
433.15
313.14
214.07
616.00
612.37
465.12
581.09
23.75
47.08
2742.26
689.82
233.19
532.92
316.06
32.70
277.17
96.60
1658.70
985.49
368.04
1108.15
1313.94
151.44
341.90
248.11
1765.02
462.45
277.51
730.11
184.89
976.76
669.88
59.66
352.82
2425.50
900.90
161.71
18.47
486.05
1766.63
511.96
847.58
564.49
732.39
188.85
76.32
137.65
271.41
262.70
220.07
624.61
210.35
1135.03
194.33
718.71
711.47
193.62
998.79
1132.09
82.24
546.90
283.97
934.88
184.86
198.15
294.40
383.35
607.05
52.36
688.19
241.64
60.52
278.89
218.19
1503.64
150.82
124.40
722.78
253.03
154.29
911.57
99.20
621.25
495.17
137.42
113.98
202.63
12.59
320.12
348.85
247.14
18.49
2232.11
358.63
286.75
340.02
52.15
2788.28
172.33
436.11
426.69
72.11
1252.04
568.29
1644.65
926.07
1928.20
329.21
165.40
110.19
523.82
827.61
811.97
66.90
1113.25
541.79
67.41
788.29
74.09
721.27
121.69
284.17
67.21
1892.45
997.53
297.02
1168.67
297.10
310.78
201.11
1741.43
82.25
102.80
1761.29
18.89
1886.80
205.09
290.22
150.20
31.03
1421.56
229.69
247.16
739.49
351.51
223.54
227.98
193.71
67.33
188.66
144.86
221.13
438.59
280.59
148.15
19.55
336.39
314.24
61.20
300.35
525.48
53.45
352.92
954.07
2466.55
242.23
49.48
37.97
363.87
424.20
42.67
2024.12
53.83
469.24
526.06
449.02
233.97
279.16
342.06
206.13
346.13
90.14
169.16
1352.03
1333.42
195.19
80.45
551.06
180.76
457.70
155.93
185.30
309.49
812.60
435.04
417.90
133.00
355.12
84.36
94.94
897.56
563.01
304.96
406.07
294.38
336.46
930.98
306.47
149.64
1250.05
941.02
1784.96
148.96
2378.54
833.22
1166.79
130.02
405.03
85.46
427.09
34.80
44.16
3.13
90.52
549.58
24.40
40.74
337.03
487.79
212.43
533.89
73.32
0.72
1017.94
178.92
1709.00
583.47
256.00
22.53
214.62
171.59
224.64
325.48
338.04
1521.36
119.97
380.46
156.36
2062.68
164.59
275.48
1131.91
467.41
303.12
236.57
151.89
23.36
356.07
23.10
2235.08
622.35
571.66
887.84
926.43
775.05
413.72
2175.36
1027.52
110.30
277.39
496.25
96.48
361.41
430.18
257.58
1799.62
797.49
937.17
509.45
240.44
799.31
73.16
577.70
152.04
1162.85
218.62
520.66
253.02
161.87
374.41
766.01
45.60
254.03
201.11
235.08
1618.41
808.73
407.14
525.41
1774.49
50.40
630.63
29.98
485.16
103.34
74.32
67.55
54.25
297.75
1156.42
61.79
74.90
12.32
472.18
787.64
1412.56
36.23
705.84
57.92
90.71
23.55
856.44
10.26
664.19
88.74
345.60
840.71
129.45
35.86
141.47
145.86
4.19
183.36
266.96
1683.02
311.53
26.95
296.70
140.12
169.55
170.08
1169.04
314.92
115.40
2032.25
562.40
1183.50
37.34
76.82
1699.66
183.79
726.06
97.08
1669.72
305.75
949.12
426.33
114.35
752.50
375.10
1652.97
242.57
1804.37
260.83
287.12
123.91
881.48
196.59
225.76
230.69
482.70
296.37
967.70
299.55
206.51
130.52
195.73
131.90
318.49
494.67
53.62
857.86
706.82
135.11
4561.86
787.33
922.51
261.75
191.16
69.90
665.83
1143.84
559.58
712.50
216.60
38.02
232.36
641.07
287.83
219.96
1666.62
52.82
486.88
177.76
126.13
286.44
298.14
27.57
259.68
1602.86
1887.87
418.21
1710.79
266.74
125.81
147.83
214.67
6.47
91.83
52.03
14.93
452.22
537.80
47.61
857.07
986.68
83.59
83.86
297.17
896.21
604.60
128.79
698.78
147.35
1919.25
71.77
520.36
110.51
153.26
568.67
472.47
1898.51
361.13
634.81
293.98
173.00
1578.73
473.80
977.74
520.38
84.09
715.34
205.02
81.58
1148.33
48.65
238.83
500.84
315.61
740.08
1391.86
369.69
99.36
129.59
505.37
217.38
138.92
79.11
610.19
1051.61
136.09
118.53
1.46
330.41
1025.57
467.88
306.16
180.79
190.49
93.16
133.59
1052.57
443.09
86.32
317.76
128.61
420.15
263.51
201.93
108.86
1635.64
131.58
746.33
521.88
400.35
580.97
112.54
239.62
768.69
208.08
632.90
377.40
1339.73
193.67
135.04
12.67
64.67
82.71
634.97
410.71
74.72
19.89
340.55
6.83
3.05
3.10
949.87
46.10
100.36
50.82
144.22
541.55
1027.84
106.22
261.27
399.73
416.08
642.07
866.76
840.91
72.32
1038.11
126.54
42.52
87.55
728.39
1748.49
18.49
619.46
232.41
1233.36
139.13
70.44
266.53
938.61
1052.68
557.87
30.08
373.29
1416.21
30.96
872.34
791.05
142.33
274.18
642.28
77.16
168.63
140.14
836.61
302.76
424.66
1024.98
249.49
1164.36
159.96
225.33
701.79
474.26
515.88
29.28
1948.95
419.45
277.72
925.95
128.53
335.47
52.33
1105.79
12.30
242.53
22.86
824.27
141.15
549.87
202.66
471.64
745.59
58.15
1379.73
309.42
592.07
714.97
610.31
10.93
294.84
428.00
459.88
69.58
317.44
133.23
600.22
484.70
1005.48
1882.00
774.98
263.33
372.02
1512.02
54.92
30.37
749.38
96.64
471.77
281.34
1456.90
678.51
6.53
113.19
2040.08
1401.30
204.66
184.15
182.48
86.83
1865.12
29.77
718.28
238.81
612.02
70.22
248.62
244.49
1390.59
826.61
1059.83
665.32
382.64
738.17
225.49
1304.75
352.61
207.30
515.56
376.75
959.97
425.34
590.99
40.68
336.48
88.79
310.00
239.61
715.21
202.47
424.54
2.62
256.17
469.53
362.95
241.90
321.28
268.05
103.74
69.42
1051.63
322.94
74.77
428.34
921.28
1524.81
205.03
527.32
1769.43
733.80
615.74
151.92
200.81
49.91
115.53
488.40
639.28
34.92
131.18
101.97
112.58
355.82
114.50
151.32
188.02
266.04
703.67
20.14
193.72
149.64
163.47
794.52
1329.88
397.36
474.22
1098.75
718.71
235.19
266.57
15.19
902.82
1329.91
52.18
103.25
222.37
81.52
159.40
308.85
155.02
467.47
206.40
1421.71
353.90
220.82
344.29
559.98
1050.62
252.29
1297.38
83.93
24.28
670.69
1342.60
237.49
1038.11
89.57
445.05
1123.93
462.36
116.33
720.38
449.42
270.23
101.46
262.35
303.98
194.73
379.57
333.80
311.92
521.53
580.35
234.05
152.98
66.51
342.46
577.21
538.53
245.70
66.02
1782.93
197.71
839.09
59.72
1039.30
1746.87
147.19
504.84
392.61
1361.03
457.35
56.38
274.92
262.07
703.03
1138.55
497.46
962.46
573.71
4.99
1530.32
1809.20
233.32
299.71
601.80
24.16
650.13
120.67
590.30
448.93
798.93
592.90
262.43
27.62
392.05
992.01
405.57
174.10
347.27
698.33
438.56
688.80
1726.70
742.14
213.01
325.64
19.60
409.10
1254.28
27.10
372.97
994.42
10.59
923.78
845.52
995.04
881.21
235.47
214.29
1544.36
95.78
585.43
525.67
812.84
306.40
661.09
39.54
415.87
312.96
274.91
348.47
405.53
328.74